683.
662.
636.
711.
704.
763.
730.
651.
669.
624.
672.
679.
655.
634.
613.
688.
746.
728.
706.
664.
678.
699.
693.
650.
716.
679.
691.
689.
631.
716.
698.
692.
652.
664.
651.
699.
678.
667.
690.
682.
692.
657.
749.
646.
664.
686.
669.
702.
655.
627.
724.
699.
663.
668.
729.
694.
677.
691.
706.
685.
672.
690.
701.
682.
725.
752.
677.
695.
692.
660.
678.
713.
695.
712.
654.
677.
673.
642.
689.
646.
690.
684.
704.
722.
593.
708.
633.
709.
685.
637.
685.
698.
656.
679.
633.
713.
730.
707.
714.
718.
642.
685.
673.
692.
645.
657.
676.
738.
682.
663.
675.
659.
661.
658.
680.
724.
702.
721.
666.
729.
654.
697.
708.
718.
672.
711.
713.
679.
659.
709.
697.
713.
684.
657.
665.
655.
717.
706.
608.
673.
690.
666.
691.
679.
708.
679.
675.
610.
680.
702.
687.
676.
705.
702.
651.
657.
677.
727.
673.
701.
683.
642.
629.
699.
626.
675.
638.
713.
624.
658.
711.
694.
666.
719.
657.
716.
673.
700.
677.
645.
716.
690.
629.
621.
683.
669.
726.
702.
703.
640.
694.
693.
712.
698.
714.
711.
722.
707.
701.
711.
662.
675.
650.
695.
694.
738.
664.
694.
674.
663.
678.
632.
707.
668.
700.
707.
661.
702.
683.
713.
713.
670.
672.
685.
697.
714.
746.
725.
668.
725.
669.
681.
696.
682.
658.
676.
695.
657.
730.
669.
651.
703.
725.
673.
708.
662.
678.
674.
628.
689.
688.
666.
683.
692.
686.
679.
697.
674.
671.
702.
747.
693.
629.
699.
660.
655.
673.
660.
657.
717.
675.
670.
631.
687.
733.
645.
655.
689.
717.
698.
705.
681.
639.
656.
695.
686.
708.
641.
625.
688.
658.
686.
663.
685.
676.
695.
662.
665.
647.
629.
679.
758.
725.
675.
695.
710.
632.
645.
740.
669.
706.
713.
700.
666.
647.
687.
673.
664.
692.
650.
731.
649.
677.
680.
635.
693.
697.
700.
669.
653.
694.
678.
678.
644.
663.
715.
695.
698.
668.
661.
721.
634.
702.
689.
714.
687.
690.
713.
687.
656.
700.
676.
708.
676.
684.
718.
723.
715.
636.
731.
667.
635.
666.
617.
664.
671.
714.
672.
720.
654.
696.
657.
709.
672.
643.
671.
682.
765.
666.
633.
661.
745.
697.
667.
696.
675.
694.
651.
661.
703.
693.
719.
638.
670.
691.
658.
716.
675.
671.
628.
655.
679.
661.
637.
665.
686.
701.
654.
742.
642.
733.
705.
734.
695.
714.
679.
686.
721.
708.
657.
708.
640.
709.
710.
675.
632.
729.
703.
639.
686.
634.
692.
669.
685.
696.
710.
628.
729.
717.
627.
724.
655.
661.
683.
672.
695.
677.
692.
694.
667.
666.
637.
698.
726.
682.
692.
704.
713.
729.
633.
657.
674.
713.
705.
679.
630.
683.
665.
685.
625.
699.
687.
633.
674.
690.
675.
660.
693.
643.
690.
703.
692.
707.
683.
780.
698.
614.
718.
688.
698.
716.
628.
715.
678.
667.
714.
710.
720.
672.
674.
677.
688.
643.
688.
698.
659.
709.
708.
681.
681.
707.
669.
624.
727.
698.
749.
717.
676.
694.
674.
671.
724.
710.
673.
679.
614.
710.
679.
680.
706.
701.
705.
692.
644.
688.
714.
657.
709.
665.
639.
676.
667.
681.
666.
678.
698.
705.
671.
682.
723.
736.
690.
676.
722.
667.
659.
698.
663.
683.
689.
703.
729.
691.
653.
738.
708.
685.
641.
668.
637.
642.
688.
692.
668.
658.
696.
666.
745.
720.
753.
715.
694.
647.
702.
606.
666.
666.
690.
654.
621.
657.
702.
696.
638.
747.
691.
684.
699.
682.
669.
697.
658.
679.
712.
653.
682.
714.
712.
695.
680.
689.
682.
655.
684.
746.
664.
675.
685.
679.
630.
695.
723.
710.
648.
659.
659.
698.
641.
683.
636.
688.
673.
668.
642.
680.
658.
680.
652.
677.
687.
779.
733.
647.
714.
694.
706.
640.
701.
725.
665.
684.
690.
676.
701.
677.
622.
667.
706.
682.
682.
710.
735.
650.
656.
655.
671.
686.
672.
663.
647.
630.
670.
696.
714.
718.
683.
663.
682.
724.
710.
660.
709.
608.
653.
676.
657.
652.
658.
695.
702.
680.
684.
699.
689.
713.
673.
686.
647.
714.
618.
696.
637.
644.
659.
689.
721.
598.
688.
697.
688.
676.
680.
681.
656.
702.
692.
658.
671.
642.
727.
679.
690.
688.
695.
695.
691.
687.
712.
714.
677.
681.
678.
670.
641.
686.
730.
650.
695.
686.
696.
708.
655.
670.
617.
732.
684.
742.
677.
698.
670.
648.
666.
703.
646.
668.
694.
674.
704.
680.
694.
652.
714.
677.
662.
668.
658.
714.
673.
736.
720.
706.
616.
681.
723.
712.
647.
726.
657.
649.
703.
677.
669.
722.
705.
646.
694.
682.
707.
683.
748.
700.
616.
667.
702.
671.
638.
687.
687.
642.
638.
672.
680.
644.
656.
659.
715.
686.
670.
651.
701.
663.
721.
665.
693.
682.
669.
686.
674.
730.
657.
655.
631.
695.
646.
698.
702.
690.
713.
686.
684.
728.
692.
735.
692.
700.
686.
682.
704.
690.
703.
719.
641.
656.
688.
722.
693.
654.
677.
694.
741.
598.
737.
706.
707.
676.
652.
688.
684.
636.
687.
671.
666.
644.
677.
700.
659.
701.
633.
671.
696.
692.
678.
674.
662.
702.
688.
684.
668.
683.
714.
674.
628.
698.
733.
626.
674.
729.
705.
700.
676.
677.
711.
688.
674.
709.
710.
684.
702.
683.
688.
708.
661.
643.
690.
732.
718.
674.
666.
733.
633.
658.
675.
666.
695.
701.
699.
707.
678.
688.
687.
723.
722.
759.
718.
676.
704.
702.
640.
666.
701.
677.
688.
617.
706.
645.
694.
676.
699.
687.
699.
719.
703.
699.
701.
691.
662.
693.
624.
656.
715.
629.
651.
673.
698.
695.
704.
676.
719.
684.
727.
692.
688.
651.
671.
658.
678.
643.
651.
663.
653.
681.
696.
736.
683.
690.
618.
723.
637.
666.
650.
687.
688.
728.
614.
662.
689.
634.
674.
697.
709.
749.
707.
697.
707.
669.
702.
692.
705.
674.
673.