0.000000000000000000e+00 1.800000000000000000e+01 5.760000000000000000e+02  1
0.000000000000000000e+00 -1.800000000000000000e+01 5.760000000000000000e+02 1
2.769230769230769340e+01 1.800000000000000000e+01 5.760000000000000000e+02  1
2.769230769230769340e+01 -1.800000000000000000e+01 5.760000000000000000e+02 1
5.538461538461538680e+01 1.800000000000000000e+01 5.760000000000000000e+02  1
5.538461538461538680e+01 -1.800000000000000000e+01 5.760000000000000000e+02 1
8.307692307692308020e+01 1.800000000000000000e+01 5.760000000000000000e+02  1
8.307692307692308020e+01 -1.800000000000000000e+01 5.760000000000000000e+02 1
1.107692307692307736e+02 1.800000000000000000e+01 5.760000000000000000e+02  1
1.107692307692307736e+02 -1.800000000000000000e+01 5.760000000000000000e+02 1
1.384615384615384528e+02 1.800000000000000000e+01 5.760000000000000000e+02  1
1.384615384615384528e+02 -1.800000000000000000e+01 5.760000000000000000e+02 1
1.661538461538461604e+02 1.800000000000000000e+01 5.760000000000000000e+02  1
1.661538461538461604e+02 -1.800000000000000000e+01 5.760000000000000000e+02 1
1.938461538461538680e+02 1.800000000000000000e+01 5.760000000000000000e+02  1
1.938461538461538680e+02 -1.800000000000000000e+01 5.760000000000000000e+02 1
2.215384615384615472e+02 1.800000000000000000e+01 5.760000000000000000e+02  1
2.215384615384615472e+02 -1.800000000000000000e+01 5.760000000000000000e+02 1
2.492307692307692264e+02 1.800000000000000000e+01 5.760000000000000000e+02  1
2.492307692307692264e+02 -1.800000000000000000e+01 5.760000000000000000e+02 1
2.769230769230769056e+02 1.800000000000000000e+01 5.760000000000000000e+02  1
2.769230769230769056e+02 -1.800000000000000000e+01 5.760000000000000000e+02 1
3.046153846153846416e+02 1.800000000000000000e+01 5.760000000000000000e+02  1
3.046153846153846416e+02 -1.800000000000000000e+01 5.760000000000000000e+02 1
3.323076923076923208e+02 1.800000000000000000e+01 5.760000000000000000e+02  1
3.323076923076923208e+02 -1.800000000000000000e+01 5.760000000000000000e+02 1
0.000000000000000000e+00 4.200000000000000000e+01 4.903025420908351748e+02  2
0.000000000000000000e+00 -4.200000000000000000e+01 4.903025420908351748e+02 2
2.769230769230769340e+01 4.200000000000000000e+01 4.903025420908351748e+02  2
2.769230769230769340e+01 -4.200000000000000000e+01 4.903025420908351748e+02 2
5.538461538461538680e+01 4.200000000000000000e+01 4.903025420908351748e+02  2
5.538461538461538680e+01 -4.200000000000000000e+01 4.903025420908351748e+02 2
8.307692307692308020e+01 4.200000000000000000e+01 4.903025420908351748e+02  2
8.307692307692308020e+01 -4.200000000000000000e+01 4.903025420908351748e+02 2
1.107692307692307736e+02 4.200000000000000000e+01 4.903025420908351748e+02  2
1.107692307692307736e+02 -4.200000000000000000e+01 4.903025420908351748e+02 2
1.384615384615384528e+02 4.200000000000000000e+01 4.903025420908351748e+02  2
1.384615384615384528e+02 -4.200000000000000000e+01 4.903025420908351748e+02 2
1.661538461538461604e+02 4.200000000000000000e+01 4.903025420908351748e+02  2
1.661538461538461604e+02 -4.200000000000000000e+01 4.903025420908351748e+02 2
1.938461538461538680e+02 4.200000000000000000e+01 4.903025420908351748e+02  2
1.938461538461538680e+02 -4.200000000000000000e+01 4.903025420908351748e+02 2
2.215384615384615472e+02 4.200000000000000000e+01 4.903025420908351748e+02  2
2.215384615384615472e+02 -4.200000000000000000e+01 4.903025420908351748e+02 2
2.492307692307692264e+02 4.200000000000000000e+01 4.903025420908351748e+02  2
2.492307692307692264e+02 -4.200000000000000000e+01 4.903025420908351748e+02 2
2.769230769230769056e+02 4.200000000000000000e+01 4.903025420908351748e+02  2
2.769230769230769056e+02 -4.200000000000000000e+01 4.903025420908351748e+02 2
3.046153846153846416e+02 4.200000000000000000e+01 4.903025420908351748e+02  2
3.046153846153846416e+02 -4.200000000000000000e+01 4.903025420908351748e+02 2
3.323076923076923208e+02 4.200000000000000000e+01 4.903025420908351748e+02  2
3.323076923076923208e+02 -4.200000000000000000e+01 4.903025420908351748e+02 2
0.000000000000000000e+00 6.600000000000000000e+01 2.683514750081832858e+02  3
0.000000000000000000e+00 -6.600000000000000000e+01 2.683514750081832858e+02 3
2.769230769230769340e+01 6.600000000000000000e+01 2.683514750081832858e+02  3
2.769230769230769340e+01 -6.600000000000000000e+01 2.683514750081832858e+02 3
5.538461538461538680e+01 6.600000000000000000e+01 2.683514750081832858e+02  3
5.538461538461538680e+01 -6.600000000000000000e+01 2.683514750081832858e+02 3
8.307692307692308020e+01 6.600000000000000000e+01 2.683514750081832858e+02  3
8.307692307692308020e+01 -6.600000000000000000e+01 2.683514750081832858e+02 3
1.107692307692307736e+02 6.600000000000000000e+01 2.683514750081832858e+02  3
1.107692307692307736e+02 -6.600000000000000000e+01 2.683514750081832858e+02 3
1.384615384615384528e+02 6.600000000000000000e+01 2.683514750081832858e+02  3
1.384615384615384528e+02 -6.600000000000000000e+01 2.683514750081832858e+02 3
1.661538461538461604e+02 6.600000000000000000e+01 2.683514750081832858e+02  3
1.661538461538461604e+02 -6.600000000000000000e+01 2.683514750081832858e+02 3
1.938461538461538680e+02 6.600000000000000000e+01 2.683514750081832858e+02  3
1.938461538461538680e+02 -6.600000000000000000e+01 2.683514750081832858e+02 3
2.215384615384615472e+02 6.600000000000000000e+01 2.683514750081832858e+02  3
2.215384615384615472e+02 -6.600000000000000000e+01 2.683514750081832858e+02 3
2.492307692307692264e+02 6.600000000000000000e+01 2.683514750081832858e+02  3
2.492307692307692264e+02 -6.600000000000000000e+01 2.683514750081832858e+02 3
2.769230769230769056e+02 6.600000000000000000e+01 2.683514750081832858e+02  3
2.769230769230769056e+02 -6.600000000000000000e+01 2.683514750081832858e+02 3
3.046153846153846416e+02 6.600000000000000000e+01 2.683514750081832858e+02  3
3.046153846153846416e+02 -6.600000000000000000e+01 2.683514750081832858e+02 3
3.323076923076923208e+02 6.600000000000000000e+01 2.683514750081832858e+02  3
3.323076923076923208e+02 -6.600000000000000000e+01 2.683514750081832858e+02 3
0.000000000000000000e+00 9.000000000000000000e+01 5.760000000000000000e+02  4
0.000000000000000000e+00 -9.000000000000000000e+01 5.760000000000000000e+02 4
